1100.00,814
1100.00,558
1100.00,1111
1100.00,990
1100.00,909
1100.00,564
1100.00,1466
1100.00,1325
1100.00,1122
1100.00,880
1100.00,1235
1100.00,1250
1100.00,718
1100.00,1309
1100.00,909
1100.00,1964
1100.00,1078
1100.00,1466
1100.00,866
1100.00,940
1100.00,846
1100.00,846
1100.00,940
1100.00,1486
1100.00,901
1100.00,1309
1100.00,1392
1100.00,1803
1100.00,1466
1100.00,1250
1100.00,1375
1100.00,1028
1100.00,1964
1100.00,743
1100.00,1571
1100.00,948
1100.00,1134
1100.00,814
1100.00,679
1100.00,1250
1100.00,1067
1100.00,839
1100.00,814
1100.00,1309
1100.00,1571
1100.00,1803
1100.00,1122
1100.00,1392
1100.00,1170
1100.00,1571
1100.00,714
1100.00,1486
1100.00,1486
1100.00,1067
1100.00,460
1100.00,1250
1100.00,709
1100.00,1122
1100.00,1549
1100.00,1309
1100.00,1250
1100.00,880
1100.00,948
1100.00,1182
1100.00,758
1100.00,1666
1100.00,873
1100.00,1182
1100.00,940
1100.00,1067
1100.00,1182
1100.00,1466
1100.00,1486
1100.00,1666
1100.00,1571
1100.00,1309
1100.00,1309
1100.00,1182
1100.00,1309
1100.00,1235
1100.00,1028
1100.00,714
1100.00,982
1100.00,940
1100.00,1392
1100.00,940
1100.00,1692
1100.00,1571
1100.00,839
1100.00,785
1100.00,839
1100.00,674
1100.00,591
1100.00,948
1100.00,1122
1100.00,940
1100.00,709
1100.00,940
1100.00,1803
1100.00,1309
1100.00,1466
1100.00,1182
1100.00,1067
1100.00,1571
1100.00,1803
1100.00,1486
1100.00,1466
1100.00,1666
1100.00,948
1100.00,1078
1100.00,1067
1100.00,1122
1100.00,1392
1100.00,785
1100.00,1549
1100.00,1964
1100.00,1571
1100.00,1250
1100.00,1028
1100.00,1122
1100.00,846
1100.00,1122
1100.00,1067
1100.00,1067
1100.00,1309
1100.00,1122
1100.00,639
1100.00,948
1100.00,982
1100.00,901
1100.00,873
1100.00,670
1100.00,1803
1100.00,1309
1100.00,1309
1100.00,1666
1100.00,1028
1100.00,1122
1100.00,1111
1100.00,1692
1100.00,1466
1100.00,1486
1100.00,982
1100.00,839
1100.00,1067
1100.00,1571
1100.00,1666
1100.00,763
1100.00,873
1100.00,940
1100.00,1122
1100.00,1549
1100.00,1833
1100.00,1666
1100.00,679
1100.00,846
1100.00,1067
1100.00,1803
1100.00,1122
1100.00,1392
1100.00,1466
1100.00,1028
1100.00,1067
1100.00,1078
1100.00,1309
1100.00,909
1100.00,1486
1100.00,1018
1100.00,718
1100.00,820
1100.00,1666
1100.00,1833
1100.00,982
1100.00,1929
1100.00,1122
1100.00,1122
1100.00,873
1100.00,1309
1100.00,1392
1100.00,916
1100.00,1466
1100.00,880
1100.00,2156
1100.00,808
1100.00,1692
1100.00,1122
1100.00,1571
1100.00,785
1100.00,1182
1100.00,1392
1100.00,2115
1100.00,1325
1100.00,948
1100.00,909
1100.00,873
1100.00,1294
1100.00,1078
1100.00,1111
1100.00,1486
1100.00,758
1100.00,564
1100.00,643
1100.00,1309
1100.00,1375
1100.00,1486
1100.00,1170
1100.00,785
1100.00,1375
1100.00,1250
1100.00,1571
1100.00,1325
1100.00,733
1100.00,1067
1100.00,948
1100.00,1170
1100.00,1392
1100.00,714
1100.00,1571
1100.00,1486
1100.00,814
1100.00,714
1100.00,1571
1100.00,1134
1100.00,846
1100.00,1028
1100.00,511
1100.00,733
1100.00,948
1100.00,1325
1100.00,909
1100.00,901
1100.00,758
1100.00,1692
1100.00,1170
1100.00,866
1100.00,873
1100.00,738
1100.00,1250
1100.00,948
1100.00,873
1100.00,558
1100.00,1571
1100.00,625
1100.00,839
1100.00,1392
1100.00,1833
1100.00,709
1100.00,1964
1100.00,1122
1100.00,982
1100.00,1067
1100.00,502
1100.00,1309
1100.00,2156
1100.00,791
1100.00,839
1100.00,1964
1100.00,1028
1100.00,880
1100.00,572
1100.00,1122
1100.00,1028
1100.00,1078
1100.00,916
1100.00,1182
1100.00,763
1100.00,780
1100.00,1571
1100.00,2156
1100.00,982
1100.00,1466
1100.00,814
1100.00,1122
1100.00,1929
1100.00,1571
1100.00,1182
1100.00,1122
1100.00,1122
1100.00,814
1100.00,814
1100.00,1250
1100.00,982
1100.00,1134
1100.00,1803
1100.00,1028
1100.00,866
1100.00,990
1100.00,632
1100.00,1235
1100.00,1571
1100.00,1466
1100.00,1182
1100.00,1571
1100.00,1466
1100.00,1134
1100.00,625
1100.00,1466
1100.00,1067
1100.00,791
1100.00,1078
1100.00,814
1100.00,880
1100.00,791
1100.00,814
1100.00,880
1100.00,1067
1100.00,1122
1100.00,1392
1100.00,1466
1100.00,1309
1100.00,1309
1100.00,1571
1100.00,1078
1100.00,1134
1100.00,1078
1100.00,1235
1100.00,956
1100.00,839
1100.00,909
1100.00,873
1100.00,1325
1100.00,763
1100.00,1182
1100.00,718
1100.00,1466
1100.00,743
1100.00,696
1100.00,1250
1100.00,714
1100.00,1392
1100.00,1067
1100.00,1803
1100.00,2156
1100.00,1375
1100.00,1571
1100.00,1803
1100.00,990
1100.00,1122
1100.00,594
1100.00,1392
1100.00,1466
1100.00,1833
1100.00,1235
1100.00,1037
1100.00,1122
1100.00,738
1100.00,1235
1100.00,973
1100.00,1078
1100.00,1375
1100.00,1392
1100.00,1134
1100.00,973
1100.00,1122
1100.00,1309
1100.00,1571
1100.00,1486
1100.00,635
1100.00,1692
1100.00,1466
1100.00,1067
1100.00,1486
1100.00,1666
1100.00,1392
1100.00,1466
1100.00,1078
1100.00,948
1100.00,1235
1100.00,1235
1100.00,1571
1100.00,1122
1100.00,1309
1100.00,916
1100.00,550
1100.00,1028
1100.00,909
1100.00,909
1100.00,1466
1100.00,1375
1100.00,1692
1100.00,1571
1100.00,1571
1100.00,814
1100.00,1803
1100.00,982
1100.00,1692
1100.00,1964
1100.00,1410
1100.00,1182
1100.00,1466
1100.00,1692
1100.00,1122
1100.00,909
1100.00,714
1100.00,1037
1100.00,1078
1100.00,948
1100.00,1594
1100.00,1111
1100.00,940
1100.00,1833
1100.00,1309
1100.00,743
1100.00,948
1100.00,916
1100.00,674
1100.00,763
1100.00,763
1100.00,1571
1100.00,1134
1100.00,909
1100.00,791
1100.00,1182
1100.00,916
1100.00,1571
1100.00,846
1100.00,607
1100.00,738
1100.00,1466
1100.00,1028
1100.00,1028
1100.00,591
1100.00,1803
1100.00,1122
1100.00,1250
1100.00,1122
1100.00,873
1100.00,982
1100.00,1392
1100.00,1134
1100.00,625
1100.00,846
1100.00,1122
1100.00,982
1100.00,1235
1100.00,1235
1100.00,1392
1100.00,873
1100.00,1549
1100.00,1833
1100.00,1466
1100.00,679
1100.00,1250
1100.00,569
1100.00,1250
1100.00,880
1100.00,940
1100.00,1803
1100.00,1325
1100.00,1392
1100.00,604
1100.00,1028
1100.00,940
1100.00,769
1100.00,1309
1100.00,1122
1100.00,785
1100.00,1122
1100.00,1122
1100.00,1325
1100.00,1067
1100.00,846
1100.00,1466
1100.00,718
1100.00,916
1100.00,1309
1100.00,700
1100.00,940
1100.00,785
1100.00,674
1100.00,1718
1100.00,1182
1100.00,658
1100.00,909
1100.00,873
1100.00,1486
1100.00,1549
1100.00,1833
1100.00,1170
1100.00,1692
1100.00,1122
1100.00,1325
1100.00,1122
1100.00,658
1100.00,575
1100.00,1486
1100.00,1309
1100.00,674
1100.00,1182
1100.00,1375
1100.00,714
1100.00,723
1100.00,839
1100.00,1692
1100.00,1571
1100.00,1929
1100.00,916
1100.00,839
1100.00,940
1100.00,948
1100.00,1466
1100.00,791
1100.00,1028
1100.00,578
1100.00,1235
1100.00,1134
1100.00,1466
1100.00,1028
1100.00,814
1100.00,1571
1100.00,1170
1100.00,1392
1100.00,1111
1100.00,1594
1100.00,901
1100.00,1666
1100.00,1028
1100.00,1122
1100.00,632
1100.00,1486
1100.00,901
1100.00,1571
1100.00,1182
1100.00,901
1100.00,1833
1100.00,658
1100.00,1571
1100.00,880
1100.00,588
1100.00,1309
1100.00,1571
1100.00,1486
1100.00,873
1100.00,1571
1100.00,1410
1100.00,1309
1100.00,1309
1100.00,1122
1100.00,990
1100.00,916
1100.00,814
1100.00,1122
1100.00,718
1100.00,990
1100.00,1134
1100.00,1122
1150.00,1929
1150.00,2894
1150.00,2291
1150.00,2444
1150.00,1718
1150.00,2682
1150.00,2619
1150.00,2156
1150.00,2156
1150.00,1235
1150.00,1896
1150.00,2037
1150.00,2682
1150.00,2244
1150.00,3142
1150.00,2444
1150.00,2619
1150.00,1803
1150.00,1428
1150.00,2682
1150.00,1078
1150.00,2291
1150.00,1896
1150.00,1549
1150.00,1549
1150.00,1929
1150.00,2820
1150.00,1325
1150.00,1641
1150.00,2000
1150.00,2037
1150.00,1571
1150.00,2291
1150.00,2894
1150.00,1428
1150.00,1506
1150.00,1929
1150.00,1641
1150.00,2619
1150.00,2156
1150.00,1641
1150.00,1641
1150.00,1929
1150.00,2444
1150.00,2037
1150.00,2000
1150.00,2682
1150.00,1157
1150.00,1641
1150.00,1803
1150.00,2619
1150.00,3142
1150.00,1571
1150.00,1571
1150.00,3055
1150.00,3142
1150.00,3142
1150.00,1309
1150.00,2291
1150.00,3055
1150.00,2894
1150.00,1641
1150.00,3055
1150.00,2037
1150.00,2156
1150.00,1145
1150.00,982
1150.00,1718
1150.00,2894
1150.00,2820
1150.00,1803
1150.00,1486
1150.00,3142
1150.00,2820
1150.00,3142
1150.00,2244
1150.00,2682
1150.00,2115
1150.00,2444
1150.00,1279
1150.00,3142
1150.00,2444
1150.00,2156
1150.00,2291
1150.00,1506
1150.00,2000
1150.00,1929
1150.00,2444
1150.00,2000
1150.00,3142
1150.00,3055
1150.00,2291
1150.00,2619
1150.00,3142
1150.00,2820
1150.00,1222
1150.00,2444
1150.00,2037
1150.00,1641
1150.00,1833
1150.00,2619
1150.00,2619
1150.00,2000
1150.00,1833
1150.00,1375
1150.00,1718
1150.00,1375
1150.00,1803
1150.00,2682
1150.00,2820
1150.00,2894
1150.00,2619
1150.00,2115
1150.00,1929
1150.00,2291
1150.00,1718
1150.00,2682
1150.00,2500
1150.00,1549
1150.00,964
1150.00,2820
1150.00,1718
1150.00,2037
1150.00,2156
1150.00,1279
1150.00,1803
1150.00,3055
1150.00,2682
1150.00,1718
1150.00,1692
1150.00,1833
1150.00,2619
1150.00,3055
1150.00,1833
1150.00,2391
1150.00,2894
1150.00,1896
1150.00,2682
1150.00,1641
1150.00,2820
1150.00,1746
1150.00,1641
1150.00,1325
1150.00,2444
1150.00,1145
1150.00,1718
1150.00,1549
1150.00,1428
1150.00,2037
1150.00,2115
1150.00,2037
1150.00,2000
1150.00,1896
1150.00,3142
1150.00,1549
1150.00,2894
1150.00,2444
1150.00,2619
1150.00,2000
1150.00,2894
1150.00,3142
1150.00,3055
1150.00,2000
1150.00,2444
1150.00,2156
1150.00,2619
1150.00,1506
1150.00,2894
1150.00,1929
1150.00,2619
1150.00,1929
1150.00,2444
1150.00,2291
1150.00,1428
1150.00,2156
1150.00,2291
1150.00,785
1150.00,1718
1150.00,3142
1150.00,2444
1150.00,2444
1150.00,2291
1150.00,3142
1150.00,2820
1150.00,2619
1150.00,1571
1150.00,1447
1150.00,2000
1150.00,1506
1150.00,2894
1150.00,2156
1150.00,2682
1150.00,1896
1150.00,2444
1150.00,1803
1150.00,3142
1150.00,1803
1150.00,3142
1150.00,2037
1150.00,1641
1150.00,2156
1150.00,1195
1150.00,2000
1150.00,1833
1150.00,2156
1150.00,2619
1150.00,2037
1150.00,1506
1150.00,2444
1150.00,1746
1150.00,2444
1150.00,1929
1150.00,2291
1150.00,2619
1150.00,1392
1150.00,2820
1150.00,2894
1150.00,1746
1150.00,2894
1150.00,1896
1150.00,2037
1150.00,2682
1150.00,2291
1150.00,2156
1150.00,2444
1150.00,3055
1150.00,2156
1150.00,1375
1150.00,1375
1150.00,1195
1150.00,1392
1150.00,2500
1150.00,2444
1150.00,2291
1150.00,2500
1150.00,2444
1150.00,1718
1150.00,2156
1150.00,2682
1150.00,1718
1150.00,1195
1150.00,1929
1150.00,1571
1150.00,1279
1150.00,2156
1150.00,1833
1150.00,2291
1150.00,1222
1150.00,1929
1150.00,1375
1150.00,1803
1150.00,1506
1150.00,1325
1150.00,956
1150.00,1929
1150.00,1279
1150.00,1375
1150.00,1157
1150.00,1279
1150.00,1803
1150.00,2894
1150.00,1746
1150.00,1896
1150.00,2500
1150.00,2444
1150.00,2156
1150.00,2500
1150.00,2820
1150.00,1641
1150.00,1929
1150.00,1803
1150.00,1235
1150.00,2340
1150.00,2156
1150.00,785
1150.00,1078
1150.00,2291
1150.00,2500
1150.00,2444
1150.00,2291
1150.00,1506
1150.00,2291
1150.00,1929
1150.00,1447
1150.00,1718
1150.00,2156
1150.00,1506
1150.00,1641
1150.00,2291
1150.00,1718
1150.00,1641
1150.00,2340
1150.00,2619
1150.00,2500
1150.00,2619
1150.00,2156
1150.00,1392
1150.00,1896
1150.00,1746
1150.00,1803
1150.00,2156
1150.00,2156
1150.00,2619
1150.00,2037
1150.00,1018
1150.00,2619
1150.00,1506
1150.00,2444
1150.00,1447
1150.00,2037
1150.00,2444
1150.00,2682
1150.00,1641
1150.00,1111
1150.00,1803
1150.00,2291
1150.00,2500
1150.00,2291
1150.00,1279
1150.00,2291
1150.00,1833
1150.00,2619
1150.00,3142
1150.00,1803
1150.00,2444
1150.00,3055
1150.00,3142
1150.00,1896
1150.00,2444
1150.00,1896
1150.00,3142
1150.00,2444
1150.00,3055
1150.00,1447
1150.00,3055
1150.00,2444
1150.00,1803
1150.00,1325
1150.00,1641
1150.00,2156
1150.00,2894
1150.00,2619
1150.00,2500
1150.00,2291
1150.00,2894
1150.00,3055
1150.00,2682
1150.00,1896
1150.00,1746
1150.00,2156
1150.00,2244
1150.00,2500
1150.00,2244
1150.00,2156
1150.00,2291
1150.00,3055
1150.00,2619
1150.00,2894
1150.00,1896
1150.00,3055
1150.00,3142
1150.00,2820
1150.00,2682
1150.00,2619
1150.00,2619
1150.00,3142
1150.00,2619
1150.00,2291
1150.00,2444
1150.00,2115
1150.00,1833
1150.00,2619
1150.00,2037
1150.00,1929
1150.00,2291
1150.00,1279
1150.00,1718
1150.00,2156
1150.00,2894
1150.00,2156
1150.00,2291
1150.00,1896
1150.00,1929
1150.00,2291
1150.00,1428
1150.00,2037
1150.00,1929
1150.00,1641
1150.00,2444
1150.00,2037
1150.00,2894
1150.00,2037
1150.00,2156
1150.00,1896
1150.00,1641
1150.00,2682
1150.00,1833
1150.00,2156
1150.00,2291
1150.00,1718
1150.00,1896
1150.00,1929
1150.00,2291
1150.00,2619
1150.00,2500
1150.00,2894
1150.00,2291
1150.00,1896
1150.00,1746
1150.00,2156
1150.00,1447
1150.00,1803
1150.00,3142
1150.00,2444
1150.00,1325
1150.00,2156
1150.00,1746
1150.00,2619
1150.00,1641
1150.00,2894
1150.00,2156
1150.00,2894
1150.00,1325
1150.00,2291
1150.00,1145
1150.00,1929
1150.00,1929
1150.00,2894
1150.00,2820
1150.00,1964
1150.00,1641
1150.00,2619
1150.00,2682
1150.00,2682
1150.00,2619
1150.00,1833
1150.00,1718
1150.00,1571
1150.00,2156
1150.00,2820
1150.00,2156
1150.00,1325
1150.00,2682
1150.00,1929
1150.00,1896
1150.00,2156
1150.00,2500
1150.00,2156
1150.00,1549
1150.00,2156
1150.00,2291
1150.00,1078
1150.00,1718
1150.00,1375
1150.00,2682
1150.00,1803
1150.00,1506
1150.00,1375
1150.00,2200
1150.00,2156
1150.00,2000
1150.00,2156
1150.00,1718
1150.00,1929
1150.00,1718
1150.00,2037
1150.00,2894
1150.00,2291
1150.00,1428
1150.00,2156
1150.00,1929
1150.00,2291
1150.00,2558
1150.00,1279
1150.00,2037
1150.00,2291
1150.00,1549
1150.00,1571
1150.00,2291
1150.00,1506
1150.00,2444
1150.00,1325
1150.00,1929
1150.00,2291
1150.00,1235
1150.00,2291
1150.00,1718
1150.00,2291
1150.00,2200
1150.00,2340
1150.00,1182
1150.00,1195
1150.00,2000
1150.00,1929
1150.00,2619
1150.00,2037
1150.00,2619
1150.00,2682
1150.00,1833
1150.00,1571
1150.00,2291
1150.00,2619
1150.00,1929
1150.00,2820
1150.00,2340
1150.00,2444
1150.00,1571
1150.00,1896
1150.00,2682
1150.00,2444
1150.00,1896
1150.00,1833
1150.00,1182
1150.00,1447
1150.00,1549
1150.00,1506
1150.00,2444
1150.00,1571
1150.00,1803
1150.00,1325
1150.00,1009
1150.00,2500
1150.00,3055
1150.00,2156
1150.00,3055
1150.00,2682
1150.00,2444
1150.00,1692
1150.00,3142
1150.00,3142
1150.00,2244
1150.00,2619
1150.00,3142
1150.00,2619
1150.00,3142
1150.00,3142
1150.00,2000
1150.00,1718
1150.00,2820
1150.00,2000
1150.00,2444
1150.00,2444
1150.00,1571
1150.00,1896
1150.00,1641
1150.00,2444
1150.00,2619
1150.00,2682
1150.00,1718
1150.00,2156
1150.00,1047
1150.00,1803
1150.00,2444
1150.00,2037
1150.00,2619
1150.00,1195
1150.00,2156
1150.00,2444
1150.00,1929
1150.00,1718
1150.00,1929
1150.00,2619
1150.00,1018
1150.00,2291
1150.00,1571
1150.00,3142
1150.00,1718
1150.00,1392
1150.00,1803
1150.00,2291
1150.00,2000
1150.00,3142
1150.00,1182
1150.00,1803
1150.00,1392
1150.00,2000
1150.00,1929
1150.00,2156
1150.00,1718
1150.00,1506
1150.00,1718
1150.00,1325
1150.00,1341
1150.00,2820
1150.00,2291
1150.00,1929
1150.00,1803
1150.00,2156
1150.00,2037
1150.00,2444
1150.00,1018
1150.00,1896
1150.00,1486
1150.00,2340
1150.00,2291
1150.00,3055
1150.00,2894
1150.00,2115
1150.00,2619
1150.00,3142
1150.00,2820
1150.00,3142
1150.00,2291
1150.00,2894
1150.00,2115
1150.00,2682
1150.00,2444
1150.00,2619
1150.00,2000
1150.00,1428
1150.00,1447
1150.00,2156
1150.00,1145
1150.00,2500
1150.00,1279
1150.00,2037
1150.00,1803
1150.00,2156
1150.00,1803
1150.00,2037
1150.00,2619
1150.00,2156
1150.00,2291
1150.00,2619
1150.00,1803
1150.00,2156
1150.00,3142
1150.00,2000
1150.00,3055
1150.00,1641
1150.00,2894
1150.00,2291
1150.00,3142
1150.00,2619
1150.00,1375
1150.00,1571
1150.00,2037
1150.00,2619
1150.00,2500
1150.00,2444
1150.00,1746
1150.00,1428
1150.00,2291
1150.00,2682
1150.00,1718
1150.00,1571
1150.00,2200
1150.00,2820
1150.00,1157
1150.00,1641
1150.00,2444
1150.00,2500
1150.00,1641
1150.00,2682
1150.00,3055
1150.00,2500
1150.00,2156
1150.00,1896
1150.00,1157
1150.00,2444
1150.00,2156
1150.00,2894
1150.00,1375
1150.00,1929
1150.00,2444
1150.00,1641
1150.00,1279
1150.00,2115
1150.00,3142
1150.00,2444
1150.00,2619
1150.00,1641
1150.00,2444
1150.00,1929
1150.00,1428
1150.00,1486
1150.00,3235
1150.00,1428
1150.00,2340
1150.00,1325
1150.00,2000
1150.00,1235
1150.00,1833
1150.00,2037
1150.00,2619
1150.00,1666
1150.00,2619
1150.00,1571
1150.00,3142
1150.00,2291
1150.00,2820
1150.00,2037
1150.00,1486
1150.00,2444
1150.00,1325
1150.00,2820
1150.00,2156
1150.00,1182
1150.00,2619
1150.00,3142
1150.00,1447
1150.00,2820
1150.00,1641
1150.00,1571
1150.00,1833
1150.00,2894
1150.00,2500
1150.00,2820
1150.00,1392
1150.00,3055
1150.00,2682
1150.00,1803
1150.00,2291
1150.00,2156
1150.00,2200
1150.00,1009
1150.00,1325
1150.00,1718
1150.00,2894
1150.00,3142
1150.00,2000
1150.00,2291
1150.00,2037
1150.00,2894
1150.00,2619
1150.00,2291
1150.00,2894
1150.00,1486
1150.00,1571
1150.00,1896
1150.00,1746
1150.00,1718
1150.00,2444
1150.00,3142
1150.00,2291
1150.00,2444
1150.00,3055
1150.00,2156
1150.00,2444
1150.00,2244
1150.00,1506
1150.00,1929
1150.00,2444
1150.00,2156
1150.00,1111
1150.00,2115
1150.00,2682
1150.00,2244
1150.00,2444
1150.00,2444
1150.00,2619
1150.00,3142
1150.00,3142
1150.00,2619
1150.00,2619
1150.00,3142
1150.00,3055
1150.00,3142
1150.00,3055
1150.00,2291
1150.00,2894
1150.00,1486
1150.00,3055
1150.00,3142
1150.00,2820
1150.00,2894
1150.00,2244
1150.00,2619
1150.00,2291
1150.00,2444
1150.00,3055
1150.00,2894
1150.00,2156
1150.00,3055
1150.00,2444
1150.00,2894
1150.00,3055
1150.00,3142
1150.00,3055
1150.00,1641
1150.00,2820
1150.00,2444
1150.00,2000
1150.00,3142
1150.00,1896
1150.00,3142
1150.00,2820
1150.00,2000
1150.00,2619
1150.00,2894
1150.00,3142
1150.00,2619
1150.00,3055
1150.00,2894
1150.00,2115
1150.00,3142
1150.00,2820
1150.00,3142
1150.00,3142
1150.00,1549
1150.00,2820
1150.00,3142
1150.00,3142
1150.00,2820
1150.00,3142
1150.00,2619
1150.00,1896
1150.00,3055
1150.00,2894
1150.00,3142
1150.00,3055
1150.00,3142
1150.00,1896
1150.00,1803
1150.00,2156
1150.00,1641
1150.00,1375
1150.00,1571
1150.00,2682
1150.00,1067
1150.00,2291
1150.00,2156
1150.00,2500
1150.00,1428
1150.00,1929
1150.00,1428
1150.00,2894
1150.00,1571
1150.00,1803
1150.00,2291
1150.00,1833
1150.00,3142
1150.00,1641
1150.00,2820
1150.00,2037
1150.00,1718
1150.00,1325
1150.00,1641
1150.00,2619
1150.00,1571
1150.00,2619
1150.00,1803
1150.00,3142
1150.00,1803
1150.00,3055
1150.00,2444
1150.00,2894
1150.00,2115
1150.00,3142
1150.00,2820
1150.00,2037
1150.00,1641
1150.00,1617
1150.00,1641
1150.00,2500
1150.00,2115
1150.00,2894
1150.00,1067
1150.00,2500
1150.00,1718
1150.00,1896
1150.00,2291
1150.00,2682
1150.00,1486
1150.00,2682
1150.00,1182
1150.00,2444
1150.00,1833
1150.00,2619
1150.00,1929
1150.00,1279
1150.00,2291
1150.00,1195
1150.00,2291
1150.00,2037
1150.00,2156
1150.00,2037
1150.00,1182
1150.00,2037
1150.00,2682
1150.00,2037
1150.00,2619
1150.00,2682
1150.00,1111
1150.00,1279
1150.00,2682
1150.00,2820
1150.00,1447
1150.00,1641
1150.00,1375
1150.00,1929
1150.00,2619
1150.00,1641
1150.00,2156
1150.00,1718
1150.00,2444
1150.00,1746
1150.00,2820
1150.00,2200
1150.00,1896
1150.00,2894
1150.00,2444
1150.00,2200
1150.00,2619
1150.00,2156
1150.00,1833
1150.00,2444
1150.00,2340
1150.00,2291
1150.00,2037
1150.00,1571
1150.00,1235
1150.00,1047
1150.00,1929
1150.00,1718
1150.00,1746
1150.00,2619
1150.00,1279
1150.00,2075
1150.00,2291
1150.00,1571
1150.00,2820
1150.00,2894
1150.00,2619
1150.00,2291
1150.00,2000
1150.00,2894
1150.00,2244
1150.00,1428
1150.00,2894
1150.00,1803
1150.00,1746
1150.00,2444
1150.00,2037
1150.00,3055
1150.00,1571
1150.00,3142
1150.00,1718
1150.00,2156
1150.00,1506
1150.00,2894
1150.00,1896
1150.00,1929
1150.00,2291
1150.00,2682
1150.00,1279
1150.00,3142
1150.00,2037
1150.00,2619
1150.00,2894
1150.00,2820
1150.00,2291
1150.00,1571
1150.00,1718
1150.00,1325
1150.00,1929
1150.00,3142
1150.00,2291
1150.00,2037
1150.00,2444
1150.00,3142
1150.00,2894
1150.00,1617
1150.00,2200
1150.00,3142
1150.00,3055
1150.00,1392
1150.00,2820
1150.00,2037
1150.00,2500
1150.00,2156
1150.00,1447
1150.00,2820
1150.00,2682
1150.00,2156
1150.00,2444
1150.00,2291
1150.00,2037
1150.00,2682
1150.00,1929
1150.00,2291
1150.00,1896
1150.00,1506
1150.00,1571
1150.00,1549
1150.00,2894
1150.00,2820
1150.00,3142
1150.00,2820
1150.00,2820
1150.00,1718
1150.00,3142
1150.00,2820
1150.00,1746
1150.00,1009
1150.00,3142
1150.00,2682
1150.00,2291
1150.00,2500
1150.00,1718
1150.00,2894
1150.00,2444
1150.00,3142
1150.00,1929
1150.00,2291
1150.00,2291
1150.00,1222
1150.00,2682
1150.00,1929
1150.00,2444
1150.00,2156
1150.00,2156
1150.00,2156
1150.00,2291
1150.00,2894
1150.00,1803
1150.00,2291
1150.00,2500
1150.00,1549
1150.00,2894
1150.00,2682
1150.00,2619
1150.00,1929
1150.00,1375
1150.00,2444
1150.00,2291
1150.00,2894
1150.00,2444
1150.00,2444
1150.00,1506
1150.00,1896
1150.00,2291
1150.00,2682
1150.00,2291
1150.00,2291
1150.00,2291
1150.00,3142
1150.00,2156
1150.00,1358
1150.00,1182
1150.00,1571
1150.00,2894
1150.00,1571
1150.00,2619
1150.00,3055
1150.00,2156
1150.00,1774
1150.00,1929
1150.00,2244
1150.00,3142
1150.00,3142
1150.00,1182
1150.00,1182
1150.00,1325
1150.00,2156
1150.00,1896
1150.00,2682
1150.00,1896
1150.00,2619
1150.00,2619
1150.00,866
1150.00,1803
1150.00,3142
1150.00,1803
1150.00,1195
1150.00,956
1150.00,1746
1150.00,1896
1150.00,1641
1150.00,3142
1150.00,1466
1150.00,1833
1150.00,2291
1150.00,2291
1150.00,1157
1150.00,2291
1150.00,2037
1150.00,2000
1150.00,1325
1150.00,1641
1150.00,2291
1150.00,1833
1150.00,2894
1150.00,1803
1150.00,2156
1150.00,1375
1150.00,2444
1150.00,1641
1150.00,2037
1150.00,1833
1150.00,2820
1150.00,1746
1150.00,2291
1150.00,1803
1150.00,2156
1150.00,2894
1150.00,2619
1150.00,2820
1150.00,2037
1150.00,2894
1150.00,1803
1150.00,2894
1150.00,2115
1150.00,2037
1150.00,2037
1150.00,2619
1150.00,2037
1150.00,1929
1150.00,2000
1150.00,2682
1150.00,2444
1150.00,1896
1150.00,1392
1150.00,2156
1150.00,2291
1150.00,2291
1150.00,1718
1150.00,1718
1150.00,2037
1150.00,2037
1150.00,1571
1150.00,1641
1150.00,2682
1150.00,2820
1150.00,1506
1150.00,3142
1150.00,2682
1150.00,1641
1150.00,2820
1150.00,2500
1150.00,2444
1150.00,2115
1150.00,2444
1150.00,1803
1150.00,1929
1150.00,3055
1150.00,3142
1150.00,1803
1150.00,1617
1150.00,2340
1150.00,1549
1150.00,2500
1150.00,2037
1150.00,1428
1150.00,2682
1150.00,1325
1150.00,1447
1150.00,1692
1150.00,982
1150.00,2037
1150.00,2894
1150.00,3055
1150.00,2291
1150.00,1803
1150.00,1111
1150.00,2037
1150.00,2000
1150.00,1571
1150.00,1222
1150.00,1718
1150.00,1803
1150.00,2894
1150.00,1718
1150.00,1047
1150.00,1833
1150.00,2000
1150.00,2682
1150.00,1929
1150.00,2115
1150.00,3142
1150.00,1718
1150.00,1571
1150.00,2115
1150.00,2682
1150.00,2444
1150.00,1571
1150.00,2291
1150.00,2037
1150.00,3055
1150.00,2444
1150.00,3142
1150.00,3142
1150.00,1428
1150.00,1803
1150.00,2037
1150.00,1718
1150.00,1803
1150.00,1929
1150.00,2619
1150.00,3142
1150.00,3142
1150.00,3142
1150.00,1929
1150.00,2820
1150.00,1929
1150.00,2037
1150.00,3055
1150.00,2037
1150.00,1222
1150.00,1392
1150.00,2444
1150.00,1078
1150.00,2291
1150.00,1896
1150.00,1375
1150.00,1833
1150.00,2820
1150.00,2444
1150.00,2619
1150.00,1571
1150.00,2820
1150.00,2820
1150.00,3142
1150.00,3142
1150.00,2619
1150.00,3055
1150.00,3142
1150.00,3142
1150.00,2820
1150.00,2000
1150.00,2037
1150.00,1718
1150.00,2115
1150.00,2037
1150.00,1746
1150.00,2000
1150.00,1833
1150.00,2156
1150.00,1486
1150.00,1641
1150.00,1428
1150.00,1803
1150.00,1833
1150.00,2156
1150.00,2619
1150.00,1833
1150.00,2115
1150.00,2619
1150.00,1641
1150.00,1718
1150.00,2156
1150.00,1718
1150.00,2894
1150.00,2156
1150.00,2619
1150.00,3142
1150.00,3055
1150.00,2682
1150.00,2820
1150.00,2619
1150.00,3142
1150.00,2115
1150.00,2037
1150.00,2444
1150.00,1428
1150.00,2291
1150.00,2619
1150.00,1641
1150.00,2619
1150.00,3142
1150.00,2619
1150.00,3142
1150.00,2619
1150.00,3055
1150.00,2894
1150.00,2820
1150.00,3142
1150.00,1486
1150.00,3142
1150.00,1803
1150.00,2244
1150.00,3142
1150.00,1264
1150.00,2682
1150.00,1182
1150.00,2682
1150.00,1506
1150.00,2820
1150.00,2156
1150.00,1746
1150.00,2894
1150.00,1803
1150.00,1235
1150.00,1718
1150.00,2037
1150.00,1833
1150.00,2156
1150.00,2894
1150.00,2000
1150.00,2682
1150.00,1896
1150.00,1506
1150.00,2115
1150.00,2037
1150.00,3142
1150.00,2820
1150.00,2444
1150.00,2820
1150.00,2894
1150.00,2820
1150.00,2619
1150.00,1833
1150.00,3142
1150.00,1222
1150.00,1746
1150.00,1803
1150.00,1571
1150.00,1182
1150.00,2156
1150.00,2156
1150.00,1833
1150.00,3055
1150.00,1325
1150.00,2820
1150.00,2156
1150.00,3055
1150.00,2156
1150.00,2291
1150.00,2244
1150.00,2682
1150.00,1803
1150.00,2340
1150.00,2115
1150.00,2156
1150.00,3055
1150.00,2037
1150.00,1692
1150.00,1929
1150.00,1929
1150.00,1718
1150.00,1896
1150.00,2444
1150.00,1641
1150.00,3142
1150.00,2894
1150.00,2444
1150.00,1222
1150.00,1641
1150.00,1571
1150.00,2000
1150.00,2291
1150.00,3142
1150.00,2894
1150.00,2291
1150.00,2391
1150.00,2291
1150.00,3437
1150.00,1692
1150.00,2894
1150.00,2820
1150.00,1506
1150.00,2291
1150.00,1718
1150.00,2619
1150.00,1571
1150.00,2894
1150.00,2037
1150.00,1641
1150.00,1428
1150.00,2619
1150.00,2682
1150.00,2619
1150.00,1803
1150.00,3055
1150.00,2291
1150.00,2619
1150.00,2894
1150.00,3055
1150.00,2037
1150.00,3055
1150.00,1428
1150.00,1047
1150.00,2619
1150.00,1896
1150.00,2820
1150.00,2037
1150.00,1375
1150.00,1718
1150.00,1428
1150.00,2291
1150.00,3142
1150.00,3142
1150.00,2820
1150.00,2291
1150.00,1571
1150.00,2444
1150.00,1803
1150.00,1235
1150.00,1428
1150.00,2291
1150.00,1506
1150.00,1325
1150.00,1325
1150.00,2291
1150.00,2156
1150.00,2894
1150.00,1803
1150.00,2340
1150.00,2156
1150.00,2820
1150.00,1833
1150.00,2444
1150.00,2619
1150.00,3142
1150.00,3055
1150.00,1929
1150.00,2820
1150.00,2291
1150.00,2037
1150.00,2156
1150.00,2619
1150.00,2037
1150.00,2156
1150.00,1145
1150.00,3055
1150.00,3142
1150.00,2820
1150.00,1506
1150.00,2619
1150.00,2037
1150.00,2037
1150.00,2156
1150.00,2291
1150.00,1279
1150.00,2500
1150.00,1803
1150.00,1929
1150.00,2682
1150.00,2820
1150.00,1718
1150.00,2156
1150.00,1803
1150.00,2156
1150.00,2291
1150.00,1929
1150.00,1896
1150.00,1641
1150.00,3142
1150.00,2619
1150.00,2037
1150.00,1392
1150.00,2037
1150.00,2619
1150.00,2037
1150.00,2894
1150.00,2291
1150.00,1428
1150.00,2894
1150.00,1428
1150.00,2894
1150.00,2444
1150.00,1506
1150.00,1571
1150.00,2619
1150.00,1929
1150.00,2682
1150.00,3142
1150.00,1428
1150.00,1447
1150.00,1803
1150.00,2156
1150.00,1803
1150.00,3142
1150.00,2444
1150.00,2682
1150.00,1506
1150.00,2444
1150.00,1641
1150.00,2682
1150.00,2894
1150.00,1896
1150.00,2291
1150.00,1746
1150.00,3142
1150.00,1195
1150.00,1067
1150.00,2619
1150.00,1571
1150.00,2619
1150.00,2444
1150.00,3142
1150.00,2156
1150.00,1067
1150.00,1447
1150.00,2820
1150.00,1929
1150.00,2291
1150.00,1718
1150.00,1833
1150.00,2291
1150.00,1325
1150.00,2037
1150.00,3142
1150.00,2115
1150.00,1486
1150.00,3142
1150.00,2000
1150.00,2894
1150.00,2244
1150.00,2894
1150.00,3055
1150.00,2291
1150.00,2291
1150.00,2000
1150.00,2156
1150.00,2619
1150.00,1341
1150.00,2820
1150.00,1929
1150.00,1803
1150.00,1666
1150.00,1549
1150.00,1571
1150.00,2037
1150.00,1279
1150.00,2156
1150.00,2682
1150.00,2291
1150.00,2037
1150.00,2894
1150.00,1718
1150.00,1571
1150.00,2682
1150.00,1506
1150.00,2291
1150.00,2037
1150.00,2291
1150.00,1571
1150.00,2444
1150.00,2444
1150.00,1833
1150.00,2619
1150.00,2682
1150.00,1718
1150.00,1833
1150.00,1803
1150.00,1264
1150.00,2156
1150.00,2619
1150.00,2820
1150.00,2894
1150.00,1896
1150.00,2682
1150.00,2291
1150.00,2156
1150.00,1718
1150.00,1803
1150.00,2444
1150.00,1641
1150.00,2820
1150.00,1571
1150.00,982
1150.00,2291
1150.00,2156
1150.00,1803
1150.00,1506
1150.00,1803
1150.00,1929
1150.00,1428
1150.00,1447
1150.00,2291
1150.00,1375
1150.00,1235
1150.00,1896
1150.00,1506
1150.00,1447
1150.00,1309
1150.00,2037
1150.00,2156
1200.00,2156
1200.00,3793
1200.00,3437
1200.00,3142
1200.00,2291
1200.00,3793
1200.00,2558
1200.00,3437
1200.00,1666
1200.00,3666
1200.00,3793
1200.00,3666
1200.00,2444
1200.00,3142
1200.00,2444
1200.00,3793
1200.00,3666
1200.00,2750
1200.00,3142
1200.00,1145
1200.00,3793
1200.00,3666
1200.00,2291
1200.00,2558
1200.00,1964
1200.00,1428
1200.00,3666
1200.00,3793
1200.00,1964
1200.00,3142
1200.00,3666
1200.00,2444
1200.00,3142
1200.00,2750
1200.00,1571
1200.00,1428
1200.00,2391
1200.00,1718
1200.00,3666
1200.00,1718
1200.00,3793
1200.00,1506
1200.00,3793
1200.00,2750
1200.00,3666
1200.00,2156
1200.00,3793
1200.00,3437
1200.00,3666
1200.00,2444
1200.00,2444
1200.00,3142
1200.00,3793
1200.00,1028
1200.00,3793
1200.00,3666
1200.00,1964
1200.00,3793
1200.00,3793
1200.00,3142
1200.00,3793
1200.00,3437
1200.00,3437
1200.00,3793
1200.00,3142
1200.00,3437
1200.00,3437
1200.00,3142
1200.00,2619
1200.00,3666
1200.00,2619
1200.00,1774
1200.00,3793
1200.00,3666
1200.00,1486
1200.00,3666
1200.00,2750
1200.00,3793
1200.00,3666
1200.00,3235
1200.00,3666
1200.00,3437
1200.00,3235
1200.00,3666
1200.00,1964
1200.00,3793
1200.00,2244
1200.00,3437
1200.00,3793
1200.00,3793
1200.00,3666
1200.00,3793
1200.00,3666
1200.00,3793
1200.00,3793
1200.00,1466
1200.00,3666
1200.00,3793
1200.00,1864
1200.00,3142
1200.00,3235
1200.00,1641
1200.00,1641
1200.00,3793
1200.00,3437
1200.00,1929
1200.00,3793
1200.00,1803
1200.00,3666
1200.00,3793
1200.00,3793
1200.00,3666
1200.00,3437
1200.00,3437
1200.00,2972
1200.00,3666
1200.00,2619
1200.00,1864
1200.00,3793
1200.00,2244
1200.00,3793
1200.00,2291
1200.00,3793
1200.00,3666
1200.00,1964
1200.00,3793
1200.00,3793
1200.00,3666
1200.00,1486
1200.00,3666
1200.00,3793
1200.00,3666
1200.00,3793
1200.00,2750
1200.00,1964
1200.00,3666
1200.00,3793
1200.00,1803
1200.00,1358
1200.00,3793
1200.00,3437
1200.00,2750
1200.00,2156
1200.00,3793
1200.00,2444
1200.00,3666
1200.00,1182
1200.00,3333
1200.00,1182
1200.00,3793
1200.00,3666
1200.00,2444
1200.00,3793
1200.00,2558
1200.00,2619
1200.00,1692
1200.00,3793
1200.00,3666
1200.00,1666
1200.00,3793
1200.00,2558
1200.00,2972
1200.00,1864
1200.00,3793
1200.00,2291
1200.00,3666
1200.00,2972
1200.00,1208
1200.00,3793
1200.00,3666
1200.00,2972
1200.00,3666
1200.00,3793
1200.00,2558
1200.00,3235
1200.00,3142
1200.00,2558
1200.00,3793
1200.00,2558
1200.00,2444
1200.00,3142
1200.00,2291
1200.00,3666
1200.00,3793
1200.00,2750
1200.00,1964
1200.00,3793
1200.00,3666
1200.00,3793
1200.00,3666
1200.00,3793
1200.00,1718
1200.00,3793
1200.00,3666
1200.00,3793
1200.00,3666
1200.00,2291
1200.00,2619
1200.00,3142
1200.00,2972
1200.00,2750
1200.00,2750
1200.00,3793
1200.00,3666
1200.00,1964
1200.00,3793
1200.00,3666
1200.00,3793
1200.00,3793
1200.00,3793
1200.00,2619
1200.00,1506
1200.00,3793
1200.00,3793
1200.00,3666
1200.00,1375
1200.00,3793
1200.00,3666
1200.00,3793
1200.00,3437
1200.00,2972
1200.00,2894
1200.00,3793
1200.00,2156
1200.00,1111
1200.00,3793
1200.00,3666
1200.00,1428
1200.00,3437
1200.00,1864
1200.00,1466
1200.00,2156
1200.00,1803
1200.00,2558
1200.00,3142
1200.00,3437
1200.00,3666
1200.00,3793
1200.00,3793
1200.00,2894
1200.00,2444
1200.00,3666
1200.00,1864
1200.00,2444
1200.00,2894
1200.00,3793
1200.00,2391
1200.00,1803
1200.00,3142
1200.00,3142
1200.00,2558
1200.00,3793
1200.00,1617
1200.00,2972
1200.00,3437
1200.00,3437
1200.00,3666
1200.00,2444
1200.00,3437
1200.00,3666
1200.00,3793
1200.00,3142
1200.00,3793
1200.00,1964
1200.00,3437
1200.00,2444
1200.00,3142
1200.00,3793
1200.00,2558
1200.00,2156
1200.00,2391
1200.00,3793
1200.00,2291
1200.00,3793
1200.00,1692
1200.00,2972
1200.00,3666
1200.00,3793
1200.00,2444
1200.00,3666
1200.00,3793
1200.00,2750
1200.00,1964
1200.00,1279
1200.00,3793
1200.00,3666
1200.00,3793
1200.00,3793
1200.00,2750
1200.00,3666
1200.00,3793
1200.00,3666
1200.00,2750
1200.00,3793
1200.00,3437
1200.00,2972
1200.00,2037
1200.00,3793
1200.00,3666
1200.00,3437
1200.00,3793
1200.00,2391
1200.00,2750
1200.00,1774
1200.00,3793
1200.00,3666
1200.00,2444
1200.00,1527
1200.00,3666
1200.00,3793
1200.00,3666
1200.00,3793
1200.00,2972
1200.00,2391
1200.00,3437
1200.00,3437
1200.00,2156
1200.00,3666
1200.00,1111
1200.00,3793
1200.00,3793
1200.00,3666
1200.00,3793
1200.00,3666
1200.00,3793
1200.00,2750
1200.00,2391
1200.00,3793
1200.00,3666
1200.00,3793
1200.00,3437
1200.00,3666
1200.00,2750
1200.00,1527
1200.00,3437
1200.00,2750
1200.00,3437
1200.00,3793
1200.00,1774
1200.00,3793
1200.00,3793
1200.00,2156
1200.00,2750
1200.00,3437
1200.00,1864
1200.00,2391
1200.00,3793
1200.00,3142
1200.00,2444
1200.00,3666
1200.00,2558
1200.00,3793
1200.00,2750
1200.00,3666
1200.00,3793
1200.00,3666
1200.00,3793
1200.00,3793
1200.00,2558
1200.00,3793
1200.00,3666
1200.00,3793
1200.00,3793
1200.00,2894
1200.00,2750
1200.00,3793
1200.00,3793
1200.00,1641
1200.00,2558
1200.00,3142
1200.00,2558
1200.00,2558
1200.00,2444
1200.00,2682
1200.00,2075
1200.00,2391
1200.00,3793
1200.00,3666
1200.00,3793
1200.00,3437
1200.00,3437
1200.00,2037
1200.00,3235
1200.00,2558
1200.00,1964
1200.00,3666
1200.00,3437
1200.00,3793
1200.00,2558
1200.00,3793
1200.00,3793
1200.00,3666
1200.00,2619
1200.00,3666
1200.00,3793
1200.00,2750
1200.00,1410
1200.00,3793
1200.00,3793
1200.00,3333
1200.00,3793
1200.00,3793
1200.00,2444
1200.00,3666
1200.00,2619
1200.00,3793
1200.00,2558
1200.00,3793
1200.00,2391
1200.00,3437
1200.00,2619
1200.00,2894
1200.00,3793
1200.00,3793
1200.00,3666
1200.00,3793
1200.00,3666
1200.00,3793
1200.00,3793
1200.00,3666
1200.00,3793
1200.00,2750
1200.00,3666
1200.00,1964
1200.00,3793
1200.00,3666
1200.00,3437
1200.00,2444
1200.00,3793
1200.00,1774
1200.00,3437
1200.00,3666
1200.00,3793
1200.00,1718
1200.00,3793
1200.00,2244
1200.00,3793
1200.00,3437
1200.00,2037
1200.00,3793
1200.00,1506
1200.00,3793
1200.00,2156
1200.00,2894
1200.00,3235
1200.00,1641
1200.00,3666
1200.00,3793
1200.00,3793
1200.00,1964
1200.00,2894
1200.00,3793
1200.00,3793
1200.00,2291
1200.00,3666
1200.00,3793
1200.00,3666
1200.00,2619
1200.00,3666
1200.00,2156
1200.00,3793
1200.00,2156
1200.00,3793
1200.00,3793
1200.00,2682
1200.00,2972
1200.00,2750
1200.00,1864
1200.00,3793
1200.00,3666
1200.00,2156
1200.00,3793
1200.00,3793
1200.00,2391
1200.00,3793
1200.00,3437
1200.00,1864
1200.00,3793
1200.00,3666
1200.00,3793
1200.00,2444
1200.00,2291
1200.00,3437
1200.00,3666
1200.00,2972
1200.00,1506
1200.00,3793
1200.00,3793
1200.00,2558
1200.00,3666
1200.00,3793
1200.00,3793
1200.00,3666
1200.00,3793
1200.00,2750
1200.00,2075
1200.00,3666
1200.00,1527
1200.00,2558
1200.00,3793
1200.00,3142
1200.00,3666
1200.00,1964
1200.00,3235
1200.00,3666
1200.00,2972
1200.00,3666
1200.00,3793
1200.00,3793
1200.00,3666
1200.00,3437
1200.00,2972
1200.00,2444
1200.00,3666
1200.00,2619
1200.00,2558
1200.00,2750
1200.00,2244
1200.00,2750
1200.00,3437
1200.00,3142
1200.00,2444
1200.00,3142
1200.00,3142
1200.00,2894
1200.00,2156
1200.00,3793
1200.00,3666
1200.00,3793
1200.00,3793
1200.00,2894
1200.00,3235
1200.00,3437
1200.00,3142
1200.00,1641
1200.00,2444
1200.00,3666
1200.00,3793
1200.00,3666
1200.00,3793
1200.00,3793
1200.00,3666
1200.00,2291
1200.00,3666
1200.00,2750
1200.00,3793
1200.00,3793
1200.00,1929
1200.00,2156
1200.00,3793
1200.00,3793
1200.00,3666
1200.00,3793
1200.00,3666
1200.00,3793
1200.00,3793
1200.00,2391
1200.00,3793
1200.00,3142
1200.00,1864
1200.00,3793
1200.00,3793
1200.00,2037
1200.00,2391
1200.00,2075
1200.00,3666
1200.00,3793
1200.00,3142
1200.00,2972
1200.00,3793
1200.00,1774
1200.00,3793
1200.00,2391
1200.00,2750
1200.00,3793
1200.00,1692
1200.00,3793
1200.00,2291
1200.00,3666
1200.00,2619
1200.00,3666
1200.00,2075
1200.00,2391
1200.00,3793
1200.00,2244
1200.00,2619
1200.00,3333
1200.00,3793
1200.00,2037
1200.00,2558
1200.00,3793
1200.00,1964
1200.00,3437
1200.00,2075
1200.00,3666
1200.00,2558
1200.00,3437
1200.00,2391
1200.00,2558
1200.00,2156
1200.00,3793
1200.00,3793
1200.00,3666
1200.00,2291
1200.00,3142
1200.00,3793
1200.00,3142
1200.00,3142
1200.00,3793
1200.00,2558
1200.00,3793
1200.00,2444
1200.00,3666
1200.00,1294
1200.00,2894
1200.00,3142
1200.00,3142
1200.00,3793
1200.00,1641
1200.00,3666
1200.00,3793
1200.00,3437
1200.00,2156
1200.00,3793
1200.00,3793
1200.00,3666
1200.00,3437
1200.00,1964
1200.00,3666
1200.00,3793
1200.00,3793
1200.00,3666
1200.00,3793
1200.00,3793
1200.00,3666
1200.00,3793
1200.00,1864
1200.00,1145
1200.00,3666
1200.00,2619
1200.00,3666
1200.00,1641
1200.00,2750
1200.00,3793
1200.00,3793
1200.00,3666
1200.00,2619
1200.00,3333
1200.00,3235
1200.00,2444
1200.00,2391
1200.00,3437
1200.00,3793
1200.00,3666
1200.00,3793
1200.00,3793
1200.00,3666
1200.00,3793
1200.00,3666
1200.00,3793
1200.00,1774
1200.00,2619
1200.00,3333
1200.00,2972
1200.00,1929
1200.00,3437
1200.00,3142
1200.00,3437
1200.00,2156
1200.00,3793
1200.00,2558
1250.00,4230
1250.00,4074
1250.00,4230
1250.00,4074
1250.00,4074
1250.00,4230
1250.00,4074
1250.00,4074
1250.00,4230
1250.00,4074
1250.00,4074
1250.00,4230
1250.00,4074
1250.00,4230
1250.00,4074
1250.00,4074
1250.00,4230
1250.00,4074
1250.00,4230
1250.00,4074
1250.00,4074
1250.00,4230
1250.00,4074
1250.00,4074
1250.00,4230
1250.00,4074
1250.00,4230
1250.00,4074
1250.00,4074
1250.00,4230
1250.00,4074
1250.00,4074
1250.00,4230
1250.00,4074
1250.00,4230
1250.00,4074
1250.00,4230
1250.00,4074
1250.00,4074
1250.00,4230
1250.00,4074
1250.00,4074
1250.00,4230
1250.00,4074
1250.00,4074
1250.00,4230
1250.00,4074
1250.00,4230
1250.00,4074
1250.00,4074
1250.00,4230
1250.00,4074
1250.00,4074
1250.00,4230
1250.00,4074
1250.00,4230
1250.00,4074
1250.00,4074
1250.00,4230
1250.00,4074
1250.00,4230
1250.00,4074
1250.00,4074
1250.00,4230
1250.00,4074
1250.00,4074
1250.00,4230
1250.00,4074
1250.00,4230
1250.00,4074
1250.00,4074
1250.00,4230
1250.00,4074
1250.00,4074
1250.00,4230
1250.00,4074
1250.00,4230
1250.00,4074
1250.00,4074
1250.00,4230
1250.00,4074
1250.00,4074
1250.00,4230
1250.00,4074
1250.00,4074
1250.00,4230
1250.00,4074
1250.00,4074
1250.00,4230
1250.00,4074
1250.00,4074
1250.00,4230
1250.00,4074
1250.00,4230
1250.00,4074
1250.00,4074
1250.00,4230
1250.00,4074
1250.00,4074
1250.00,4230
1250.00,4074
1250.00,4074
1250.00,4230
1250.00,4074
1250.00,4074
1250.00,4230
1250.00,4074
1250.00,4074
1250.00,4230
1250.00,4074
1250.00,4230
1250.00,4074
1250.00,4074
1250.00,4230
1250.00,4074
1250.00,4074
1250.00,4230
1250.00,4074
1250.00,4230
1250.00,4074
1250.00,4074
1250.00,4074
1250.00,4230
1250.00,4074
1250.00,4074
1250.00,4230
1250.00,4074
1250.00,4074
1250.00,4230
1250.00,4074
1250.00,4230
1250.00,4074
1250.00,4230
1250.00,4074
1250.00,4074
1250.00,4074
1250.00,4230
1250.00,4074
1250.00,4230
1250.00,4074
1250.00,4074
1250.00,4230
1250.00,4074
1250.00,4074
1250.00,4230
1250.00,4074
1250.00,4230
1250.00,4230
1250.00,4074
1250.00,4074
1250.00,4230
1250.00,4074
1250.00,4074
1250.00,4230
1250.00,4074
1250.00,4074
1250.00,4230
1250.00,4074
1250.00,4230
1250.00,4074
1250.00,4074
1250.00,4074
1250.00,4230
1250.00,4074
1250.00,4074
1250.00,4230
1250.00,4074
1250.00,4230
1250.00,4074
1250.00,4074
1250.00,4230
1250.00,4074
1250.00,4074
1250.00,4230
1250.00,4074
1250.00,4074
1250.00,4230
1250.00,4074
1250.00,4074
1250.00,4230
1250.00,4074
1250.00,4230
1250.00,4074
1250.00,4074
1250.00,4230
1250.00,4074
1250.00,4074
1250.00,4230
1250.00,4074
1250.00,4230
1250.00,4230
1250.00,4074
1250.00,4230
1250.00,4074
1250.00,4074
1250.00,4230
1250.00,4074
1250.00,4074
1250.00,4230
1250.00,4074
1250.00,4074
1250.00,4230
1250.00,4074
1250.00,4074
1250.00,4230
1250.00,4074
1250.00,4074
1250.00,4230
1250.00,4074
1250.00,4230
1250.00,4074
1250.00,4074
1250.00,4230
1250.00,4074
1250.00,4074
1250.00,4230
1250.00,4074
1250.00,4074
1250.00,4230
1250.00,4074
1250.00,4074
1250.00,4230
1250.00,4074
1250.00,4230
1250.00,4074
1250.00,4074
1250.00,4074
1250.00,4230
1250.00,4074
1250.00,4230
1250.00,4074
1250.00,4074
1250.00,4230
1250.00,4074
1250.00,4230
1250.00,4074
1250.00,4074
1250.00,4230
1250.00,4074
1250.00,4074
1250.00,4230
1250.00,4074
1250.00,4230
1250.00,4074
1250.00,4074
1250.00,4230
1250.00,4074
1250.00,4074
1250.00,4230
1250.00,4074
1250.00,4074
1250.00,4230
1250.00,4074
1250.00,4074
1250.00,4074
1250.00,4230
1250.00,4074
1250.00,4230
1250.00,4074
1250.00,4074
1250.00,4074
1250.00,4230
1250.00,4074
1250.00,4074
1250.00,4230
1250.00,4074
1250.00,4230
1250.00,4074
1250.00,4074
1250.00,4230
1250.00,4074
1250.00,4074
1250.00,4230
1250.00,4074
1250.00,4074
1250.00,4230
1250.00,4074
1250.00,4074
1250.00,4230
1250.00,4074
1250.00,4074
1250.00,4230
1250.00,4074
1250.00,4074
1250.00,4230
1250.00,4074
1250.00,4230
1250.00,4074
1250.00,4074
1250.00,4074
1250.00,4230
1250.00,4074
1250.00,4230
1250.00,4074
1250.00,4074
1250.00,4230
1250.00,4074
1250.00,4074
1250.00,4230
1250.00,4074
1250.00,4074
1250.00,4230
1250.00,4074
1250.00,4074
1250.00,4230
1250.00,4074
1250.00,4074
1250.00,4230
1250.00,4074
1250.00,4074
1250.00,4230
1250.00,4074
1250.00,4074
1250.00,4230
1250.00,4074
1250.00,4074
1250.00,4230
1250.00,4074
1250.00,4074
1250.00,4230
1250.00,4074
1250.00,4074
1250.00,4230
1250.00,4074
1250.00,4074
1250.00,4230
1250.00,4074
1250.00,4074
1250.00,4230
1250.00,4074
1250.00,4074
1250.00,4074
1250.00,4230
1250.00,4074
1250.00,4074
1250.00,4230
1250.00,4074
1250.00,4074
1250.00,4230
1250.00,4074
1250.00,4230
1250.00,4074
1250.00,4074
1250.00,4074
1250.00,4230
1250.00,4074
1250.00,4230
1250.00,4074
1250.00,4074
1250.00,4074
1250.00,4230
1250.00,4074
1250.00,4074
1250.00,4230
1250.00,4074
1250.00,4074
1250.00,4230
1250.00,4074
1250.00,4074
1250.00,4230
1250.00,4074
1250.00,4074
1250.00,4230
1250.00,4074
1250.00,4074
1250.00,4230
1250.00,4074
1250.00,4074
1250.00,4230
1250.00,4074
1250.00,4074
1250.00,4074
1250.00,4230
1250.00,4074
1250.00,4074
1250.00,4230
1250.00,4074
1250.00,4074
1250.00,4230
1250.00,4074
1250.00,4074
1250.00,4230
1250.00,4074
1250.00,4074
1250.00,4230
1250.00,4074
1250.00,4074
1250.00,4074
1250.00,4230
1250.00,4074
1250.00,4074
1250.00,4230
1250.00,4074
1250.00,4074
1250.00,4074
1250.00,4230
1250.00,4074
1250.00,4074
1250.00,4230
1250.00,4074
1250.00,4074
1250.00,4230
1250.00,4074
1250.00,4074
1250.00,4230
1250.00,4074
1250.00,4074
1250.00,4074
1250.00,4230
1250.00,4074
1250.00,4074
1250.00,4074
1250.00,4230
1250.00,4074
1250.00,4074
1250.00,4230
1250.00,4074
1250.00,4074
1250.00,4230
1250.00,4074
1250.00,4074
1250.00,4074
1250.00,4230
1250.00,4074
1250.00,4074
1250.00,4230
1250.00,4074
1250.00,4074
1250.00,4230
1250.00,4074
1250.00,4074
1250.00,4074
1250.00,4230
1250.00,4074
1250.00,4074
1250.00,4074
1250.00,4230
1250.00,4074
1250.00,4074
1250.00,4074
1250.00,4230
1250.00,4074
1250.00,4074
1250.00,4074
1250.00,4230
1250.00,4074
1250.00,4074
1250.00,4230
1250.00,4074
1250.00,4074
1250.00,4230
1250.00,4074
1250.00,4074
1250.00,4230
1250.00,4074
1250.00,4074
1250.00,4074
1250.00,4230
1250.00,4074
1250.00,4074
1250.00,4230
1250.00,4074
1250.00,4074
1250.00,4074
1250.00,4230
1250.00,4074
1250.00,4074
1250.00,4074
1250.00,4230
1250.00,4074
1250.00,4074
1250.00,4230
1250.00,4074
1250.00,4074
1250.00,4074
1250.00,4230
1250.00,4074
1250.00,4074
1250.00,4230
1250.00,4074
1250.00,4074
1250.00,4230
1250.00,4074
1250.00,4074
1250.00,4074
1250.00,4230
1250.00,4074
1250.00,4074
1250.00,4230
1250.00,4074
1250.00,4074
1250.00,4074
1250.00,4230
1250.00,4074
1250.00,4074
1250.00,4230
1250.00,4074
1250.00,4074
1250.00,4074
1250.00,4074
1250.00,4230
1250.00,4074
1250.00,4074
1250.00,4230
1250.00,4074
1250.00,4074
1250.00,4074
1250.00,4230
1250.00,4074
1250.00,4074
1250.00,4074
1250.00,4230
1250.00,4074
1250.00,4074
1250.00,4230
1250.00,4074
1250.00,4074
1250.00,4074
1250.00,4230
1250.00,4074
1250.00,4074
1250.00,4074
1250.00,4230
1250.00,4074
1250.00,4074
1250.00,4074
1250.00,4230
1250.00,4074
1250.00,4074
1250.00,4074
1250.00,4230
1250.00,4074
1250.00,4074
1250.00,4230
1250.00,4074
1250.00,4074
1250.00,4074
1250.00,4230
1250.00,4074
1250.00,4074
1250.00,4230
1250.00,4074
1250.00,4074
1250.00,4074
1250.00,4074
1250.00,4230
1250.00,4074
1250.00,4074
1250.00,4230
1250.00,4074
1250.00,4074
1250.00,4074
1250.00,4230
1250.00,4074
1250.00,4074
1250.00,4074
1250.00,4230
1250.00,4074
1250.00,4074
1250.00,4230
1250.00,4074
1250.00,4074
1250.00,4074
1250.00,4230
1250.00,4074
1250.00,4074
1250.00,4074
1250.00,4230
1250.00,4074
1250.00,4074
1250.00,4074
1250.00,4074
1250.00,4230
1250.00,4074
1250.00,4074
1250.00,4074
1250.00,4230
1250.00,4074
1250.00,4074
1250.00,4074
1250.00,4230
1250.00,4074
1250.00,4074
1250.00,4074
1250.00,4230
1250.00,4074
1250.00,4074
1250.00,4230
1250.00,4074
1250.00,4074
1250.00,4074
1250.00,4074
1250.00,4230
1250.00,4074
1250.00,4074
1250.00,4230
1250.00,4074
1250.00,4074
1250.00,4074
1250.00,4230
1250.00,4074
1250.00,4074
1250.00,4074
1250.00,4074
1250.00,4230
1250.00,4074
1250.00,4074
1250.00,4230
1250.00,4074
1250.00,4074
1250.00,4074
1250.00,4074
1250.00,4230
1250.00,4074
1250.00,4074
1250.00,4230
1250.00,4074
1250.00,4074
1250.00,4074
1250.00,4230
1250.00,4074
1250.00,4074
1250.00,4074
1250.00,4230
1250.00,4074
1250.00,4074
1250.00,4074
1250.00,4230
1250.00,4074
1250.00,4074
1250.00,4074
1250.00,4230
1250.00,4074
1250.00,4074
1250.00,4074
1250.00,4230
1250.00,4074
1250.00,4074
1250.00,4230
1250.00,4074
1250.00,4074
1250.00,4074
1250.00,4230
1250.00,4074
1250.00,4074
1250.00,4230
1250.00,4074
1250.00,4074
1250.00,4074
1250.00,4074
1250.00,4230
1250.00,4074
1250.00,4074
1250.00,4074
1250.00,4230
1250.00,4074
1250.00,4074
1250.00,4230
1250.00,4074
1250.00,4074
1250.00,4230
1250.00,4074
1250.00,4074
1250.00,4074
1250.00,4230
1250.00,4074
1250.00,4074
1250.00,4074
1250.00,4230
1250.00,4074
1250.00,4074
1250.00,4230
1250.00,4074
1250.00,4074
1250.00,4074
1250.00,4074
1250.00,4230
1250.00,4074
1250.00,4074
1250.00,4230
1250.00,4074
1250.00,4074
1250.00,4074
1250.00,4230
1250.00,4074
1250.00,4074
1250.00,4074
1250.00,4230
1250.00,4074
1250.00,4074
1250.00,4074
1250.00,4230
1250.00,4074
1250.00,4074
1250.00,4074
1250.00,4230
1250.00,4074
1250.00,4074
1250.00,4074
1250.00,4230
1250.00,4074
1250.00,4074
1250.00,4074
1250.00,4074
1250.00,4230
1250.00,4074
1250.00,4074
1250.00,4074
1250.00,4230
1250.00,4074
1250.00,4074
1250.00,4074
1250.00,4230
1250.00,4074
1250.00,4074
1250.00,4074
1250.00,4230
1250.00,4074
1250.00,4074
1250.00,4074
1250.00,4230
1250.00,4074
1250.00,4074
1250.00,4074
1250.00,4230
1250.00,4074
1250.00,4074
1250.00,4074
1250.00,4230
1250.00,4074
1250.00,4074
1250.00,4074
1250.00,4074
1250.00,4230
1250.00,4074
1250.00,4074
1250.00,4074
1250.00,4230
1250.00,4074
1250.00,4074
1250.00,4074
1250.00,4230
1250.00,4074
1250.00,4074
1250.00,4230
1250.00,4074
1250.00,4074
1250.00,4074
1250.00,4230
1250.00,4074
1250.00,4074
1250.00,4074
1250.00,4230
1250.00,4074
1250.00,4074
1250.00,4074
1250.00,4074
1250.00,4230
1250.00,4074
1250.00,4074
1250.00,4230
1250.00,4230
1250.00,4074
1250.00,4074
1250.00,4230
1250.00,4074
1250.00,4074
1250.00,4074
1250.00,4074
1250.00,4230
1250.00,4074
1250.00,4074
1250.00,4074
1250.00,4230
1250.00,4074
1250.00,4074
1250.00,4074
1250.00,4230
1250.00,4074
1250.00,4074
1250.00,4074
1250.00,4230
1250.00,4074
1250.00,4074
1250.00,4074
1250.00,4074
1250.00,4230
1250.00,4074
1250.00,4074
1250.00,4230
1300.00,4464
1300.00,4484
1300.00,4464
1300.00,4464
1300.00,4464
1300.00,4484
1300.00,4464
1300.00,4464
1300.00,4464
1300.00,4464
1300.00,4464
1300.00,4464
1300.00,4444
1300.00,4464
1300.00,4464
1300.00,4464
1300.00,4464
1300.00,4464
1300.00,4444
1300.00,4464
1300.00,4464
1300.00,4464
1300.00,4444
1300.00,4464
1300.00,4464
1300.00,4444
1300.00,4464
1300.00,4464
1300.00,4444
1300.00,4464
1300.00,4464
1300.00,4444
1300.00,4464
1300.00,4444
1300.00,4464
1300.00,4444
1300.00,4464
1300.00,4444
1300.00,4464
1300.00,4444
1300.00,4464
1300.00,4464
1300.00,4444
1300.00,4444
1300.00,4464
1300.00,4444
1300.00,4444
1300.00,4444
1300.00,4464
1300.00,4444
1300.00,4444
1300.00,4444
1300.00,4444
1300.00,4444
1300.00,4444
1300.00,4444
1300.00,4444
1300.00,4444
1300.00,4444
1300.00,4464
1300.00,4444
1300.00,4444
1300.00,4444
1300.00,4444
1300.00,4444
1300.00,4444
1300.00,4444
1300.00,4444
1300.00,4444
1300.00,4444
1300.00,4444
1300.00,4444
1300.00,4424
1300.00,4444
1300.00,4444
1300.00,4424
1300.00,4444
1300.00,4444
1300.00,4444
1300.00,4424
1300.00,4444
1300.00,4444
1300.00,4424
1300.00,4444
1300.00,4424
1300.00,4444
1300.00,4444
1300.00,4424
1300.00,4444
1300.00,4424
1300.00,4424
1300.00,4444
1300.00,4424
1300.00,4424
1300.00,4444
1350.00,4608
1350.00,4608
1350.00,4629
1350.00,4587
1350.00,4608
1350.00,4587
1350.00,4587
1350.00,4587
1350.00,4587
1350.00,4608
1350.00,4587
1350.00,4608
1350.00,4587
1350.00,4587
1350.00,4608
1350.00,4587
1350.00,4587
1350.00,4587
1350.00,4608
1350.00,4587
1350.00,4608
1350.00,4587
1350.00,4608
1350.00,4608
1350.00,4587
1350.00,4587
1350.00,4587
1350.00,4608
1350.00,4587
1350.00,4608
1350.00,4587
1350.00,4608
1350.00,4587
1350.00,4587
1350.00,4566
1350.00,4587
1350.00,4587
1350.00,4608
1350.00,4608
1350.00,4608
1350.00,4587
1350.00,4608
1350.00,4629
1350.00,4587
1350.00,4608
1350.00,4566
1350.00,4608
1350.00,4566
1350.00,4587
1350.00,4587
1350.00,4608
1350.00,4566
1350.00,4587
1350.00,4608
1350.00,4566
1350.00,4566
1350.00,4566
1350.00,4587
1350.00,4566
1350.00,4566
1350.00,4566
1350.00,4566
1350.00,4545
1350.00,4545
1350.00,4545
1350.00,4566
1350.00,4545
1350.00,4566
1350.00,4566
1350.00,4545
1350.00,4587
1350.00,4566
1350.00,4566
1350.00,4566
1350.00,4566
1350.00,4545
1350.00,4566
1350.00,4566
1350.00,4566
1350.00,4566
1350.00,4566
1350.00,4587
1350.00,4566
1350.00,4566
1350.00,4566
1350.00,4566
1350.00,4566
1350.00,4566
1350.00,4587
1350.00,4587
1350.00,4566
1350.00,4587
1350.00,4587
1350.00,4566
1350.00,4587
1350.00,4587
1350.00,4587
1350.00,4587
1400.00,5952
1400.00,6024
1400.00,6024
1400.00,6024
1400.00,6024
1400.00,6024
1400.00,6024
1400.00,6024
1400.00,6024
1400.00,5988
1400.00,5988
1400.00,5988
1400.00,6024
1400.00,6024
1400.00,6024
1400.00,5988
1400.00,5988
1400.00,5952
1400.00,6024
1400.00,5988
1400.00,5988
1400.00,5988
1400.00,5952
1400.00,5952
1400.00,5952
1400.00,5988
1400.00,5988
1400.00,5952
1400.00,5988
1400.00,5952
1400.00,5952
1400.00,5988
1400.00,5952
1400.00,5988
1400.00,5952
1400.00,5988
1400.00,5988
1400.00,5988
1400.00,5952
1400.00,6024
1400.00,5952
1400.00,5988
1400.00,5988
1400.00,5952
1400.00,5952
1400.00,5952
1400.00,5952
1400.00,5988
1400.00,5988
1400.00,5988
1400.00,5988
1400.00,5952
1400.00,5988
1400.00,5988
1400.00,5988
1400.00,5988
1400.00,5988
1400.00,5988
1400.00,5988
1400.00,5952
1400.00,5988
1400.00,5952
1400.00,5988
1400.00,5952
1400.00,5988
1400.00,5952
1400.00,5952
1400.00,5952
1400.00,5988
1400.00,5952
1400.00,5952
1400.00,5952
1400.00,5952
1400.00,5952
1400.00,5952
1400.00,5952
1400.00,5988
1400.00,5952
1400.00,5988
1400.00,5952
1400.00,5952
1400.00,5952
1400.00,5988
1400.00,5952
1400.00,5952
1400.00,5952
1400.00,5952
1400.00,5952
1400.00,5988
1400.00,5952
1400.00,5952
1400.00,5952
1400.00,5952
1400.00,5952
1400.00,5952
1400.00,5952
1400.00,5917
1400.00,5988
1400.00,5917
1400.00,5952
1400.00,5917
1400.00,5952
1400.00,5917
1400.00,5952
1400.00,5917
1400.00,5952
1400.00,5952
1400.00,5952
1400.00,5952
1400.00,5952
1400.00,5917
1400.00,5952
1400.00,5952
1400.00,5917
1400.00,5952
1400.00,5917
1400.00,5952
1400.00,5952
1400.00,5952
1400.00,5917
1400.00,5952
1400.00,5952
1400.00,5952
1400.00,5917
1400.00,5917
1400.00,5952
1400.00,5952
1400.00,5952
1450.00,6451
1450.00,6493
1450.00,6451
1450.00,6451
1450.00,6451
1450.00,6451
1450.00,6451
1450.00,6451
1450.00,6451
1450.00,6410
1450.00,6451
1450.00,6451
1450.00,6451
1450.00,6493
1450.00,6451
1450.00,6410
1450.00,6451
1450.00,6451
1450.00,6451
1450.00,6410
1450.00,6451
1450.00,6493
1450.00,6451
1450.00,6410
1450.00,6451
1450.00,6410
1450.00,6451
1450.00,6451
1450.00,6410
1450.00,6410
1450.00,6410
1450.00,6451
1450.00,6451
1450.00,6451
1450.00,6410
1450.00,6451
1450.00,6410
1450.00,6410
1450.00,6410
1450.00,6451
1450.00,6451
1450.00,6410
1450.00,6451
1450.00,6451
1450.00,6410
1450.00,6451
1450.00,6451
1450.00,6451
1450.00,6451
1450.00,6451
1450.00,6410
1450.00,6451
1450.00,6410
1450.00,6410
1450.00,6410
1450.00,6451
1450.00,6451
1450.00,6410
1450.00,6410
1450.00,6451
1450.00,6410
1450.00,6451
1450.00,6451
1450.00,6410
1450.00,6410
1450.00,6451
1450.00,6410
1450.00,6451
1450.00,6410
1450.00,6451
1450.00,6410
1450.00,6410
1450.00,6410
1450.00,6410
1450.00,6451
1450.00,6410
1450.00,6369
1450.00,6451
1450.00,6410
1450.00,6410
1450.00,6410
1450.00,6410
1450.00,6410
1450.00,6451
1450.00,6410
1450.00,6451
1450.00,6369
1450.00,6410
1450.00,6410
1450.00,6451
1450.00,6410
1450.00,6410
1450.00,6369
1450.00,6410
1450.00,6410
1450.00,6410
1450.00,6410
1450.00,6410
1450.00,6451
1450.00,6410
1450.00,6410
1450.00,6410
1450.00,6410
1450.00,6410
1450.00,6369
1450.00,6451
1450.00,6410
1450.00,6410
1450.00,6451
1450.00,6410
1450.00,6410
1450.00,6410
1450.00,6410
1450.00,6410
1450.00,6451
1450.00,6410
1450.00,6410
1450.00,6369
1450.00,6451
1450.00,6410
1450.00,6410
1450.00,6369
1450.00,6410
1450.00,6451
1450.00,6410
1450.00,6410
1450.00,6410
1450.00,6369
1450.00,6451
1450.00,6410
1450.00,6410
1450.00,6369
1450.00,6410
1450.00,6410
1450.00,6410
1450.00,6410
1450.00,6410
1450.00,6369
1450.00,6410
1450.00,6369
1450.00,6410
1450.00,6410
1450.00,6410
1450.00,6410
1450.00,6369
1450.00,6410
1450.00,6410
1450.00,6369
1450.00,6410
1500.00,6802
1500.00,3745
1500.00,6410
1500.00,6802
1500.00,6756
1500.00,6849
1500.00,6756
1500.00,6666
1500.00,6802
1500.00,6802
1500.00,4366
1500.00,5405
1500.00,5154
1500.00,5025
1500.00,4672
1500.00,6756
1500.00,4201
1500.00,6756
1500.00,6060
1500.00,6666
1500.00,6097
1500.00,6451
1500.00,5714
1500.00,5494
1500.00,6802
1500.00,6410
1500.00,5917
1500.00,6849
1500.00,6451
1500.00,5952
1500.00,6711
1500.00,4385
1500.00,5494
1500.00,6410
1500.00,5405
1500.00,5494
1500.00,5714
1500.00,6289
1500.00,4629
1500.00,5555
1500.00,6622
1500.00,6060
1500.00,6849
1500.00,6802
1500.00,5128
1500.00,6756
1500.00,6451
1500.00,6535
1500.00,6666
1500.00,6211
1500.00,6666
1500.00,6493
1500.00,6756
1500.00,6451
1500.00,5681
1500.00,5747
1500.00,6666
1500.00,5319
1500.00,4901
1500.00,6172
1500.00,6493
1500.00,5681
1500.00,4807
1500.00,5405
1500.00,4926
1500.00,5181
1500.00,5649
1500.00,6802
1500.00,6622
1500.00,6666
1500.00,6329
1500.00,5952
1500.00,6666
1500.00,6172
1500.00,5847
1500.00,6578
1500.00,6578
1500.00,5263
1500.00,6329
1500.00,4739
1500.00,6369
1500.00,6802
1500.00,6622
1500.00,6802
1500.00,6451
1500.00,6451
1500.00,6451
1500.00,6535
1500.00,6666
1500.00,6249
1500.00,6289
1500.00,6802
1500.00,6493
1500.00,6097
1500.00,6666
1500.00,6711
1500.00,5208
1500.00,6711
1500.00,6802
1500.00,5405
1500.00,4000
1500.00,4629
1500.00,6410
1500.00,6369
1500.00,6369
1500.00,5847
1500.00,6711
1500.00,6666
1500.00,6756
1500.00,6451
1500.00,6289
1500.00,5291
1500.00,6578
1500.00,6711
1500.00,6172
1500.00,6666
1500.00,4901
1500.00,6097
1500.00,6802
1500.00,6711
1500.00,6756
1500.00,6756
1500.00,6802
1500.00,6622
1500.00,6666
1500.00,5988
1500.00,6756
1500.00,6451
1500.00,6134
1500.00,6622
1500.00,6756
1500.00,6578
1500.00,6756
1500.00,6578
1550.00,7246
1550.00,7246
1550.00,7194
1550.00,7246
1550.00,7246
1550.00,7194
1550.00,7246
1550.00,7246
1550.00,7194
1550.00,7246
1550.00,7194
1550.00,7246
1550.00,7194
1550.00,7246
1550.00,7194
1550.00,7194
1550.00,7246
1550.00,7194
1550.00,7246
1550.00,7246
1550.00,7246
1550.00,7194
1550.00,7246
1550.00,7246
1550.00,7194
1550.00,7194
1550.00,7246
1550.00,7194
1550.00,7194
1550.00,7194
1550.00,7194
1550.00,7194
1550.00,7246
1550.00,7194
1550.00,7246
1550.00,7194
1550.00,7246
1550.00,7194
1550.00,7194
1550.00,7194
1550.00,7194
1550.00,7246
1550.00,7194
1550.00,7194
1550.00,7194
1550.00,7246
1550.00,7194
1550.00,7194
1550.00,7194
1550.00,7194
1550.00,7194
1550.00,7194
1550.00,7246
1550.00,7194
1550.00,7142
1550.00,7194
1550.00,7194
1550.00,7194
1550.00,7194
1550.00,7194
1550.00,7194
1550.00,7194
1550.00,7142
1550.00,7194
1550.00,7142
1550.00,7194
1550.00,7194
1550.00,7194
1550.00,7142
1550.00,7194
1550.00,7142
1550.00,7194
1550.00,7194
1550.00,7194
1550.00,7194
1550.00,7194
1550.00,7142
1550.00,7194
1550.00,7194
1550.00,7194
1550.00,7142
1550.00,7194
1550.00,7194
1550.00,7142
1550.00,7194
1550.00,7142
1550.00,7194
1550.00,7142
1550.00,7194
1550.00,7142
1550.00,7194
1550.00,7194
1550.00,7142
1550.00,7194
1550.00,7194
1550.00,7142
1550.00,7194
1550.00,7194
1550.00,7142
1550.00,7194
1550.00,7142
1550.00,7142
1550.00,7194
1550.00,7142
1550.00,7194
1550.00,7142
1550.00,7194
1550.00,7142
1550.00,7194
1550.00,7142
1550.00,7194
1550.00,7142
1550.00,7142
1550.00,7194
1550.00,7142
1550.00,7194
1550.00,7194
1550.00,7194
1550.00,7142
1550.00,7194
1550.00,7142
1550.00,7194
1550.00,7142
1550.00,7194
1550.00,7194
1550.00,7142
1550.00,7194
1550.00,7194
1550.00,7142
1550.00,7142
1550.00,7194
1550.00,7142
1550.00,7142
1550.00,7142
1550.00,7194
1550.00,7142
1550.00,7194
1550.00,7142
1550.00,7142
1550.00,7092
1550.00,7142
1550.00,7142
1550.00,7142
1550.00,7142
1550.00,7142
1550.00,7194
1550.00,7142
1550.00,7142
1550.00,7142
1550.00,7092
1550.00,7142
1550.00,7142
1550.00,7142
1550.00,7142
1550.00,7142
1550.00,7092
1550.00,7142
1550.00,7142
1550.00,7092
1550.00,7142
1550.00,7142
1550.00,7092
1550.00,7142
1550.00,7092
1550.00,7142
1550.00,7092
1550.00,7092
1550.00,7142
1550.00,7092
1550.00,7092
1550.00,7092
1550.00,7092
1550.00,7092
1550.00,7092
1550.00,7042
1550.00,7092
1550.00,7092
1550.00,7042
1550.00,7042
1550.00,7042
1550.00,7092
1550.00,7042
1550.00,7092
1550.00,7042
1550.00,7092
1550.00,7042
1550.00,7092
1550.00,7042
1600.00,7352
1600.00,7352
1600.00,7352
1600.00,7352
1600.00,7352
1600.00,7352
1600.00,7352
1600.00,7352
1600.00,7352
1600.00,7299
1600.00,7352
1600.00,7352
1600.00,7407
1600.00,7299
1600.00,7352
1600.00,7352
1600.00,7352
1600.00,7352
1600.00,7299
1600.00,7352
1600.00,7352
1600.00,7352
1600.00,7352
1600.00,7352
1600.00,7352
1600.00,7299
1600.00,7352
1600.00,7352
1600.00,7352
1600.00,7299
1600.00,7352
1600.00,7352
1600.00,7352
1600.00,7352
1600.00,7352
1600.00,7352
1600.00,7352
1600.00,7352
1600.00,7352
1600.00,7299
1600.00,7352
1600.00,7352
1600.00,7352
1600.00,7352
1600.00,7352
1600.00,7352
1600.00,7352
1600.00,7352
1600.00,7299
1600.00,7352
1600.00,7352
1600.00,7352
1600.00,7352
1600.00,7299
1600.00,7352
1600.00,7352
1600.00,7352
1600.00,7352
1600.00,7352
1600.00,7299
1600.00,7352
1600.00,7352
1600.00,7352
1600.00,7299
1600.00,7352
1600.00,7352
1600.00,7299
1600.00,7352
1600.00,7352
1600.00,7299
1600.00,7352
1600.00,7352
1600.00,7299
1600.00,7352
1600.00,7299
1600.00,7352
1600.00,7299
1600.00,7352
1600.00,7299
1600.00,7352
1600.00,7299
1600.00,7352
1600.00,7299
1600.00,7352
1600.00,7299
1600.00,7352
1600.00,7299
1600.00,7352
1600.00,7299
1600.00,7352
1600.00,7299
1600.00,7352
1600.00,7299
1600.00,7352
1600.00,7299
1600.00,7352
1600.00,7299
1600.00,7352
1600.00,7299
1600.00,7299
1600.00,7352
1600.00,7299
1600.00,7299
1600.00,7352
1600.00,7299
1600.00,7299
1600.00,7299
1600.00,7352
1600.00,7299
1600.00,7352
1600.00,7299
1600.00,7299
1600.00,7299
1600.00,7352
1600.00,7299
1600.00,7299
1600.00,7299
1600.00,7299
1600.00,7299
1600.00,7299
1600.00,7299
1600.00,7299
1600.00,7299
1600.00,7299
1600.00,7299
1600.00,7246
1600.00,7299
1600.00,7299
1600.00,7299
1600.00,7246
1600.00,7299
1600.00,7299
1600.00,7246
1600.00,7299
1600.00,7299
1600.00,7299
1600.00,7246
1600.00,7299
1600.00,7299
1600.00,7246
1600.00,7299
1600.00,7299
1600.00,7299
1600.00,7299
1600.00,7299
1600.00,7299
1600.00,7246
1600.00,7299
1600.00,7299
1600.00,7246
1600.00,7299
1600.00,7299
1600.00,7246
1600.00,7299
1600.00,7299
1600.00,7246
1600.00,7299
1600.00,7299
1600.00,7246
1600.00,7246
1600.00,7299
1600.00,7299
1600.00,7246
1600.00,7246
1600.00,7299
1600.00,7246
1600.00,7299
1600.00,7246
1600.00,7299
1600.00,7299
1600.00,7246
1600.00,7299
1600.00,7246
1600.00,7299
1600.00,7299
1600.00,7246
1600.00,7299
1600.00,7246
1600.00,7246
1600.00,7299
1600.00,7246
1600.00,7299
1600.00,7246
1600.00,7299
1600.00,7299
1600.00,7246
1600.00,7299
1600.00,7246
1600.00,7246
1600.00,7246
1600.00,7299
1600.00,7246
1600.00,7246
1600.00,7299
1600.00,7246
1600.00,7299
1600.00,7246
1600.00,7299
1600.00,7246
1600.00,7299
1600.00,7246
1600.00,7246
1600.00,7299
1600.00,7246
1600.00,7299
1600.00,7246
1600.00,7299
1600.00,7246
1600.00,7246
1600.00,7299
1600.00,7246
1600.00,7246
1600.00,7299
1600.00,7246
1600.00,7246
1600.00,7246
1600.00,7246
1600.00,7246
1600.00,7246
1600.00,7246
1600.00,7246
1600.00,7299
1600.00,7246
1600.00,7246
1600.00,7299
1600.00,7246
1600.00,7246
1600.00,7246
1600.00,7299
1600.00,7246
1600.00,7246
1600.00,7299
1600.00,7246
1600.00,7246
1600.00,7299
1600.00,7246
1600.00,7246
1600.00,7299
1600.00,7246
1600.00,7246
1600.00,7246
1600.00,7246
1600.00,7246
1600.00,7299
1600.00,7246
1600.00,7246
1600.00,7246
1600.00,7246
1600.00,7299
1600.00,7246
1600.00,7246
1600.00,7246
1600.00,7246
1600.00,7246
1600.00,7246
1600.00,7299
1600.00,7246
1600.00,7246
1600.00,7246
1600.00,7246
1600.00,7299
1600.00,7246
1600.00,7246
1600.00,7246
1600.00,7246
1600.00,7246
1600.00,7246
1600.00,7246
1600.00,7299
1600.00,7194
1600.00,7246
1600.00,7246
1600.00,7246
1600.00,7246
1600.00,7246
1600.00,7246
1600.00,7246
1600.00,7246
1600.00,7246
1600.00,7194
1600.00,7246
1600.00,7246
1600.00,7246
1600.00,7246
1600.00,7246
1600.00,7194
1600.00,7246
1600.00,7246
1600.00,7194
1600.00,7246
1600.00,7246
1600.00,7246
1600.00,7246
1600.00,7194
1600.00,7246
1600.00,7246
1600.00,7246
1600.00,7194
1600.00,7246
1600.00,7246
1600.00,7246
1600.00,7194
1600.00,7246
1600.00,7246
1600.00,7194
1600.00,7246
1600.00,7194
1600.00,7246
1600.00,7246
1600.00,7194
1600.00,7246
1600.00,7194
1600.00,7246
1600.00,7246
1600.00,7194
1600.00,7246
1600.00,7246
1600.00,7246
1600.00,7194
1600.00,7246
1600.00,7194
1600.00,7246
1600.00,7246
1600.00,7246
1600.00,7194
1600.00,7246
1600.00,7246
1600.00,7194
1600.00,7246
1600.00,7194
1600.00,7246
1600.00,7194
1600.00,7246
1600.00,7194
1600.00,7246
1600.00,7194
1600.00,7246
1600.00,7194
1600.00,7194
1600.00,7246
1600.00,7194
1600.00,7246
1600.00,7194
1600.00,7194
1600.00,7194
1600.00,7246
1600.00,7194
1600.00,7194
1600.00,7194
1600.00,7194
1600.00,7194
1600.00,7194
1600.00,7194
1600.00,7246
1600.00,7194
1600.00,7194
1600.00,7194
1600.00,7246
1600.00,7194
1600.00,7194
1600.00,7246
1600.00,7194
1600.00,7194
1600.00,7194
1600.00,7246
1600.00,7194
1600.00,7194
1600.00,7194
1600.00,7194
1600.00,7194
1600.00,7194
1600.00,7246
1600.00,7194
1600.00,7194
1600.00,7194
1600.00,7194
1600.00,7194
1600.00,7246
1600.00,7194
1600.00,7194
1600.00,7194
1600.00,7194
1600.00,7194
1600.00,7194
1600.00,7194
1600.00,7194
1600.00,7246
1600.00,7194
1600.00,7194
1600.00,7194
1600.00,7246
1600.00,7194
1600.00,7194
1600.00,7194
1600.00,7194
1600.00,7194
1600.00,7246
1600.00,7194
1600.00,7194
1600.00,7194
1600.00,7194
1600.00,7194
1600.00,7142
1600.00,7194
1600.00,7194
1600.00,7194
1600.00,7194
1600.00,7194
1600.00,7194
1600.00,7194
1600.00,7194
1600.00,7194
1600.00,7194
1600.00,7194
1600.00,7142
1600.00,7194
1600.00,7194
1600.00,7194
1600.00,7194
1600.00,7194
1600.00,7194
1600.00,7194
1600.00,7194
1600.00,7194
1600.00,7194
1600.00,7194
1600.00,7194
1600.00,7194
1600.00,7194
1600.00,7194
1600.00,7194
1600.00,7194
1600.00,7194
1600.00,7142
1600.00,7246
1600.00,7194
1600.00,7142
1600.00,7194
1600.00,7194
1600.00,7194
1600.00,7194
1600.00,7142
1600.00,7194
1600.00,7194
1600.00,7142
1600.00,7194
1600.00,7246
1600.00,7142
1600.00,7194
1600.00,7142
1600.00,7194
1600.00,7194
1600.00,7194
1600.00,7194
1600.00,7194
1600.00,7194
1600.00,7142
1600.00,7142
1600.00,7194
1600.00,7194
1600.00,7194
1600.00,7142
1600.00,7194
1600.00,7194
1600.00,7142
1600.00,7194
1600.00,7194
1600.00,7142
1600.00,7194
1600.00,7194
1600.00,7142
1600.00,7194
1600.00,7194
1600.00,7194
1600.00,7142
1600.00,7194
1600.00,7194
1600.00,7142
1600.00,7194
1600.00,7142
1600.00,7194
1600.00,7142
1600.00,7194
1600.00,7142
1650.00,7407
1650.00,7407
1650.00,7352
1650.00,7462
1650.00,7352
1650.00,7407
1650.00,7407
1650.00,7407
1650.00,7407
1650.00,7407
1650.00,7352
1650.00,7407
1650.00,7407
1650.00,7462
1650.00,7352
1650.00,7407
1650.00,7407
1650.00,7407
1650.00,7407
1650.00,7407
1650.00,7352
1650.00,7407
1650.00,7407
1650.00,7407
1650.00,7407
1650.00,7352
1650.00,7407
1650.00,7407
1650.00,7407
1650.00,7352
1650.00,7407
1650.00,7407
1650.00,7407
1650.00,7352
1650.00,7407
1650.00,7407
1650.00,7407
1650.00,7352
1650.00,7407
1650.00,7407
1650.00,7352
1650.00,7407
1650.00,7407
1650.00,7352
1650.00,7407
1650.00,7352
1650.00,7407
1650.00,7407
1650.00,7352
1650.00,7407
1650.00,7352
1650.00,7407
1650.00,7352
1650.00,7407
1650.00,7352
1650.00,7407
1650.00,7407
1650.00,7352
1650.00,7407
1650.00,7352
1650.00,7407
1650.00,7407
1650.00,7352
1650.00,7407
1650.00,7352
1650.00,7352
1650.00,7407
1650.00,7352
1650.00,7407
1650.00,7407
1650.00,7352
1650.00,7352
1650.00,7407
1650.00,7352
1650.00,7407
1650.00,7352
1650.00,7407
1650.00,7352
1650.00,7407
1650.00,7352
1650.00,7352
1650.00,7407
1650.00,7352
1650.00,7407
1650.00,7352
1650.00,7352
1650.00,7407
1650.00,7352
1650.00,7352
1650.00,7407
1650.00,7352
1650.00,7352
1650.00,7352
1650.00,7407
1650.00,7352
1650.00,7352
1650.00,7407
1650.00,7352
1650.00,7352
1650.00,7352
1650.00,7352
1650.00,7407
1650.00,7352
1650.00,7352
1650.00,7352
1650.00,7352
1650.00,7352
1650.00,7407
1650.00,7352
1650.00,7352
1650.00,7407
1650.00,7352
1650.00,7352
1650.00,7407
1650.00,7352
1650.00,7407
1650.00,7352
1650.00,7352
1650.00,7352
1650.00,7352
1650.00,7407
1650.00,7407
1650.00,7352
1650.00,7352
1650.00,7352
1650.00,7352
1650.00,7352
1650.00,7352
1650.00,7352
1650.00,7352
1650.00,7352
1650.00,7352
1650.00,7352
1650.00,7352
1650.00,7299
1650.00,7352
1650.00,7352
1650.00,7352
1650.00,7352
1650.00,7352
1650.00,7299
1650.00,7352
1650.00,7352
1650.00,7299
1650.00,7352
1650.00,7352
1650.00,7352
1650.00,7299
1650.00,7352
1650.00,7352
1650.00,7352
1650.00,7352
1650.00,7299
1650.00,7352
1650.00,7352
1650.00,7352
1650.00,7352
1700.00,9090
1700.00,9174
1700.00,9090
1700.00,9174
1700.00,9090
1700.00,9174
1700.00,9174
1700.00,9090
1700.00,9174
1700.00,9090
1700.00,9090
1700.00,9174
1700.00,9090
1700.00,9174
1700.00,9090
1700.00,9174
1700.00,9090
1700.00,9090
1700.00,9090
1700.00,9090
1700.00,9090
1700.00,9090
1700.00,9090
1700.00,9090
1700.00,9090
1700.00,9090
1700.00,9174
1700.00,9090
1700.00,9009
1700.00,9090
1700.00,9090
1700.00,9090
1700.00,9090
1700.00,9090
1700.00,9090
1700.00,9090
1700.00,9009
1700.00,9090
1700.00,9090
1700.00,9090
1700.00,9090
1700.00,9090
1700.00,9009
1700.00,9090
1700.00,9009
1700.00,9090
1700.00,9009
1700.00,9090
1700.00,9090
1700.00,9090
1700.00,9009
1700.00,9090
1700.00,9090
1700.00,9090
1700.00,9009
1700.00,9090
1700.00,9009
1700.00,9090
1700.00,9090
1700.00,9009
1700.00,9090
1700.00,9090
1700.00,9009
1700.00,9090
1700.00,9090
1700.00,9090
1700.00,9090
1700.00,9090
1700.00,9009
1700.00,9090
1700.00,9090
1700.00,9009
1700.00,9090
1700.00,9009
1700.00,9090
1700.00,9090
1700.00,9009
1700.00,9009
1700.00,9090
1700.00,9090
1700.00,9009
1700.00,9090
1700.00,9009
1700.00,9090
1700.00,9009
1700.00,9009
1700.00,9090
1700.00,9009
1700.00,9090
1700.00,9009
1700.00,9009
1700.00,9009
1700.00,9090
1700.00,9009
1700.00,9090
1700.00,9009
1700.00,9090
1700.00,9009
1700.00,9009
1700.00,9090
1700.00,9090
1700.00,9009
1700.00,9009
1700.00,9009
1700.00,9090
1700.00,9009
1700.00,9090
1700.00,9009
1700.00,9009
1700.00,9009
1700.00,9090
1700.00,9009
1700.00,9009
1700.00,9009
1700.00,9009
1700.00,9090
1700.00,9009
1700.00,9009
1700.00,9090
1700.00,9009
1700.00,8928
1700.00,9090
1700.00,9009
1700.00,8928
1700.00,9009
1700.00,9009
1700.00,9009
1700.00,9009
1700.00,9009
1700.00,8928
1700.00,9009
1700.00,9009
1700.00,9009
1700.00,9009
1700.00,8928
1700.00,9009
1700.00,9009
1700.00,9009
1700.00,8928
1700.00,9009
1700.00,9009
1700.00,9009
1700.00,9009
1700.00,8928
1700.00,9009
1700.00,9009
1700.00,9009
1700.00,8928
1700.00,9009
1700.00,9009
1700.00,8928
1700.00,8928
1700.00,9009
1700.00,9009
1700.00,9009
1700.00,9009
1700.00,8928
1700.00,9009
1700.00,8928
1700.00,9009
1700.00,9009
1700.00,8928
1700.00,9009
1700.00,8928
1700.00,9009
1700.00,8928
1700.00,9009
1700.00,8928
1700.00,9009
1700.00,9009
1700.00,9009
1700.00,8928
1700.00,9009
1700.00,8928
1700.00,9009
1700.00,8928
1700.00,9009
1700.00,8928
1700.00,8928
1700.00,9009
1700.00,8928
1700.00,8928
1700.00,8928
1700.00,8928
1700.00,8928
1700.00,9009
1700.00,8928
1700.00,8928
1700.00,9009
